18127
11134
28476
11108
44508
8981
5338
42197
26695
13382
37779
11547
15623
20895
36779
46680
2861
35411
27982
37402
29646
20447
46471
26552
6590
42315
24541
49751
49366
22128
36876
19050
6472
46944
11937
14309
43674
15878
43439
30908
22110
27883
20080
48653
33554
47826
3029
21126
32467
10193
35214
26116
45596
2572
27205
45513
3949
47999
35876
3225
23527
10200
3927
30289
27539
9951
44812
30373
7170
8420
4903
11829
48591
12819
36738
12459
40705
29893
42882
42355
15165
8502
44276
26775
37672
25663
30038
27078
8265
13568
21075
14017
47885
4412
7094
29426
35541
39488
24016
5385
45593
49649
6548
16484
13232
3009
38495
29961
9687
718
8437
29076
17551
41495
22502
29128
27236
27468
2528
15204
40695
27425
4606
10483
46285
24846
9710
23759
9248
2726
25953
14772
45267
20530
21275
49917
23731
15386
45690
17117
2841
32575
43379
5355
18957
38616
3543
16683
31876
31191
2917
4821
9177
2310
46954
21365
45306
32452
38435
24622
17065
38550
19091
30091
6003
23883
11519
3828
6606
39793
43335
20281
12219
11230
19632
14190
12570
6060
47388
40803
41789
21075
746
35535
7781
20276
1082
18521
13369
31456
6681
7506
7893
7891
6874
40290
42510
38769
31526
27293
36643
15419
38202
37522
27600
39437
13823
528
7036
29911
32439
30885
46131
39350
16243
17589
16446
47726
22898
26803
30541
3127
27683
25135
23382
26945
4427
33740
39383
4566
8498
47837
26984
47258
22584
44331
47324
47425
45253
49909
230
47533
2302
39045
19401
15538
43156
40731
27543
47881
3638
41944
4779
16477
47414
3673
20578
4021
23577
29086
35155
5502
8920
48198
10320
6325
44404
30969
34452
48398
1783
49394
38108
46340
42741
23718
39555
37261
28608
46165
20950
29656
18827
1116
40886
7734
790
25525
34187
24675
45449
38876
10869
37711
48220
44398
29774
3533
5075
47984
15740
32776
14647
39641
27490
12573
33470
14941
31558
34217
49917
37063
37005
8431
20228
41379
1187
278
19479
27973
44519
10605
34077
31065
7714
7548
4786
19496
6440
49225
28167
42291
24999
42995
2009
34560
18509
8414
10943
19486
44550
22843
15725
49334
11506
21475
40597
29984
19861
43345
32189
22063
38824
43193
3947
37770
32830
44201
10973
25944
241
18122
22182
20615
39274
18802
25907
18585
23695
1930
39611
40380
21750
13207
32340
40821
7640
22552
26963
16216
27233
25786
48315
27318
11956
23371
44903
12835
43227
47337
47522
25394
10972
16278
16963
3488
26696
25003
38999
26938
23085
5222
29719
3580
1147
23745
28040
12776
46435
28352
19408
34958
9482
25895
34070
43998
6654
33558
17331
22183
35184
47154
46725
30747
42799
37104
40435
3777
37157
30513
9178
38102
23259
31765
9797
34562
44456
29309
6091
31523
49558
47889
8387
35576
29253
49802
6562
5659
47865
18638
40261
47451
28095
15814
33594
3893
24333
19389
20872
17791
4663
4455
336
48338
35101
48427
48523
36401
29570
15167
7634
13210
45095
11823
22125
45223
48038
9721
18467
5729
45627
760
30544
36867
37452
7642
28613
38406
6634
12640
14089
35246
25199
15458
15580
41120
41031
28445
47628
39790
